        The     Melbour In      This    Aborigi School  As      On      Nationa Nationa An      Ian     Press   Further To      Relatio Daily   Garry   Book    Adelaid Statist Ownersh Researc Wikidat Edit    Census  Tim     Provinc 
    The 3102    988     706     340     232     232     232     178     178     178     0       0       0       0       0       0       0       0       0       0       0       0       0       0       0       0       0       0       
Melbour 988     0       205     109     73      73      73      55      55      55      0       0       0       0       0       0       0       0       0       0       0       0       0       0       0       0       0       0       
     In 706     205     152     73      51      51      51      40      40      40      0       0       0       0       0       0       0       0       0       0       0       0       0       0       0       0       0       0       
   This 340     109     73      0       25      25      25      19      19      19      0       0       0       0       0       0       0       0       0       0       0       0       0       0       0       0       0       0       
Aborigi 232     73      51      25      0       17      17      13      13      13      0       0       0       0       0       0       0       0       0       0       0       0       0       0       0       0       0       0       
 School 232     73      51      25      17      0       17      13      13      13      0       0       0       0       0       0       0       0       0       0       0       0       0       0       0       0       0       0       
     As 232     73      51      25      17      17      0       13      13      13      0       0       0       0       0       0       0       0       0       0       0       0       0       0       0       0       0       0       
     On 178     55      40      19      13      13      13      0       10      10      0       0       0       0       0       0       0       0       0       0       0       0       0       0       0       0       0       0       
Nationa 178     55      40      19      13      13      13      10      0       0       0       0       0       0       0       0       0       0       0       0       0       0       0       0       0       0       0       0       
Nationa 178     55      40      19      13      13      13      10      0       0       0       0       0       0       0       0       0       0       0       0       0       0       0       0       0       0       0       0       
     An 0       0       0       0       0       0       0       0       0       0       0       0       0       0       0       0       0       0       0       0       0       0       0       0       0       0       0       0       
    Ian 0       0       0       0       0       0       0       0       0       0       0       0       0       0       0       0       0       0       0       0       0       0       0       0       0       0       0       0       
  Press 0       0       0       0       0       0       0       0       0       0       0       0       0       0       0       0       0       0       0       0       0       0       0       0       0       0       0       0       
Further 0       0       0       0       0       0       0       0       0       0       0       0       0       0       0       0       0       0       0       0       0       0       0       0       0       0       0       0       
     To 0       0       0       0       0       0       0       0       0       0       0       0       0       0       0       0       0       0       0       0       0       0       0       0       0       0       0       0       
Relatio 0       0       0       0       0       0       0       0       0       0       0       0       0       0       0       0       0       0       0       0       0       0       0       0       0       0       0       0       
  Daily 0       0       0       0       0       0       0       0       0       0       0       0       0       0       0       0       0       0       0       0       0       0       0       0       0       0       0       0       
  Garry 0       0       0       0       0       0       0       0       0       0       0       0       0       0       0       0       0       0       0       0       0       0       0       0       0       0       0       0       
   Book 0       0       0       0       0       0       0       0       0       0       0       0       0       0       0       0       0       0       0       0       0       0       0       0       0       0       0       0       
Adelaid 0       0       0       0       0       0       0       0       0       0       0       0       0       0       0       0       0       0       0       0       0       0       0       0       0       0       0       0       
Statist 0       0       0       0       0       0       0       0       0       0       0       0       0       0       0       0       0       0       0       0       0       0       0       0       0       0       0       0       
Ownersh 0       0       0       0       0       0       0       0       0       0       0       0       0       0       0       0       0       0       0       0       0       0       0       0       0       0       0       0       
Researc 0       0       0       0       0       0       0       0       0       0       0       0       0       0       0       0       0       0       0       0       0       0       0       0       0       0       0       0       
Wikidat 0       0       0       0       0       0       0       0       0       0       0       0       0       0       0       0       0       0       0       0       0       0       0       0       0       0       0       0       
   Edit 0       0       0       0       0       0       0       0       0       0       0       0       0       0       0       0       0       0       0       0       0       0       0       0       0       0       0       0       
 Census 0       0       0       0       0       0       0       0       0       0       0       0       0       0       0       0       0       0       0       0       0       0       0       0       0       0       0       0       
    Tim 0       0       0       0       0       0       0       0       0       0       0       0       0       0       0       0       0       0       0       0       0       0       0       0       0       0       0       0       
Provinc 0       0       0       0       0       0       0       0       0       0       0       0       0       0       0       0       0       0       0       0       0       0       0       0       0       0       0       0       
