        The     In      States  War     Governm After   With    As      Althoug World   On      There   At      Interne About   Indigen Accordi Over    Largest Most    Map     Index   Great   Externa Foreign Further Calling Driving Date    Time    Gini    Water   Septemb Outline See     Authori 
    The 5940    1708    2068    396     336     244     244     244     184     168     168     168     168     168     168     108     108     108     108     92      92      92      92      92      92      92      92      92      92      92      92      92      92      92      92      92      
     In 1708    462     574     112     98      70      70      70      56      49      49      49      49      49      49      35      35      35      35      28      28      28      28      28      28      28      28      28      28      28      28      28      28      28      28      28      
 States 2068    574     0       136     110     82      82      82      56      55      55      55      55      55      55      29      29      29      29      28      28      28      28      28      28      28      28      28      28      28      28      28      28      28      28      28      
    War 396     112     136     0       22      16      16      16      12      11      11      11      11      11      11      7       7       7       7       6       6       6       6       6       6       6       6       6       6       6       6       6       6       6       6       6       
Governm 336     98      110     22      14      14      14      14      12      10      10      10      10      10      10      8       8       8       8       6       6       6       6       6       6       6       6       6       6       6       6       6       6       6       6       6       
  After 244     70      82      16      14      0       10      10      8       7       7       7       7       7       7       5       5       5       5       4       4       4       4       4       4       4       4       4       4       4       4       4       4       4       4       4       
   With 244     70      82      16      14      10      0       10      8       7       7       7       7       7       7       5       5       5       5       4       4       4       4       4       4       4       4       4       4       4       4       4       4       4       4       4       
     As 244     70      82      16      14      10      10      0       8       7       7       7       7       7       7       5       5       5       5       4       4       4       4       4       4       4       4       4       4       4       4       4       4       4       4       4       
Althoug 184     56      56      12      12      8       8       8       4       6       6       6       6       6       6       6       6       6       6       4       4       4       4       4       4       4       4       4       4       4       4       4       4       4       4       4       
  World 168     49      55      11      10      7       7       7       6       0       5       5       5       5       5       4       4       4       4       3       3       3       3       3       3       3       3       3       3       3       3       3       3       3       3       3       
     On 168     49      55      11      10      7       7       7       6       5       0       5       5       5       5       4       4       4       4       3       3       3       3       3       3       3       3       3       3       3       3       3       3       3       3       3       
  There 168     49      55      11      10      7       7       7       6       5       5       0       5       5       5       4       4       4       4       3       3       3       3       3       3       3       3       3       3       3       3       3       3       3       3       3       
     At 168     49      55      11      10      7       7       7       6       5       5       5       0       5       5       4       4       4       4       3       3       3       3       3       3       3       3       3       3       3       3       3       3       3       3       3       
Interne 168     49      55      11      10      7       7       7       6       5       5       5       5       0       5       4       4       4       4       3       3       3       3       3       3       3       3       3       3       3       3       3       3       3       3       3       
  About 168     49      55      11      10      7       7       7       6       5       5       5       5       5       0       4       4       4       4       3       3       3       3       3       3       3       3       3       3       3       3       3       3       3       3       3       
Indigen 108     35      29      7       8       5       5       5       6       4       4       4       4       4       4       0       5       5       5       3       3       3       3       3       3       3       3       3       3       3       3       3       3       3       3       3       
Accordi 108     35      29      7       8       5       5       5       6       4       4       4       4       4       4       5       0       5       5       3       3       3       3       3       3       3       3       3       3       3       3       3       3       3       3       3       
   Over 108     35      29      7       8       5       5       5       6       4       4       4       4       4       4       5       5       0       5       3       3       3       3       3       3       3       3       3       3       3       3       3       3       3       3       3       
Largest 108     35      29      7       8       5       5       5       6       4       4       4       4       4       4       5       5       5       0       3       3       3       3       3       3       3       3       3       3       3       3       3       3       3       3       3       
   Most 92      28      28      6       6       4       4       4       4       3       3       3       3       3       3       3       3       3       3       0       2       2       2       2       2       2       2       2       2       2       2       2       2       2       2       2       
    Map 92      28      28      6       6       4       4       4       4       3       3       3       3       3       3       3       3       3       3       2       0       2       2       2       2       2       2       2       2       2       2       2       2       2       2       2       
  Index 92      28      28      6       6       4       4       4       4       3       3       3       3       3       3       3       3       3       3       2       2       0       2       2       2       2       2       2       2       2       2       2       2       2       2       2       
  Great 92      28      28      6       6       4       4       4       4       3       3       3       3       3       3       3       3       3       3       2       2       2       0       2       2       2       2       2       2       2       2       2       2       2       2       2       
Externa 92      28      28      6       6       4       4       4       4       3       3       3       3       3       3       3       3       3       3       2       2       2       2       0       2       2       2       2       2       2       2       2       2       2       2       2       
Foreign 92      28      28      6       6       4       4       4       4       3       3       3       3       3       3       3       3       3       3       2       2       2       2       2       0       2       2       2       2       2       2       2       2       2       2       2       
Further 92      28      28      6       6       4       4       4       4       3       3       3       3       3       3       3       3       3       3       2       2       2       2       2       2       0       2       2       2       2       2       2       2       2       2       2       
Calling 92      28      28      6       6       4       4       4       4       3       3       3       3       3       3       3       3       3       3       2       2       2       2       2       2       2       0       2       2       2       2       2       2       2       2       2       
Driving 92      28      28      6       6       4       4       4       4       3       3       3       3       3       3       3       3       3       3       2       2       2       2       2       2       2       2       0       2       2       2       2       2       2       2       2       
   Date 92      28      28      6       6       4       4       4       4       3       3       3       3       3       3       3       3       3       3       2       2       2       2       2       2       2       2       2       0       2       2       2       2       2       2       2       
   Time 92      28      28      6       6       4       4       4       4       3       3       3       3       3       3       3       3       3       3       2       2       2       2       2       2       2       2       2       2       0       2       2       2       2       2       2       
   Gini 92      28      28      6       6       4       4       4       4       3       3       3       3       3       3       3       3       3       3       2       2       2       2       2       2       2       2       2       2       2       0       2       2       2       2       2       
  Water 92      28      28      6       6       4       4       4       4       3       3       3       3       3       3       3       3       3       3       2       2       2       2       2       2       2       2       2       2       2       2       0       2       2       2       2       
Septemb 92      28      28      6       6       4       4       4       4       3       3       3       3       3       3       3       3       3       3       2       2       2       2       2       2       2       2       2       2       2       2       2       0       2       2       2       
Outline 92      28      28      6       6       4       4       4       4       3       3       3       3       3       3       3       3       3       3       2       2       2       2       2       2       2       2       2       2       2       2       2       2       0       2       2       
    See 92      28      28      6       6       4       4       4       4       3       3       3       3       3       3       3       3       3       3       2       2       2       2       2       2       2       2       2       2       2       2       2       2       2       0       2       
Authori 92      28      28      6       6       4       4       4       4       3       3       3       3       3       3       3       3       3       3       2       2       2       2       2       2       2       2       2       2       2       2       2       2       2       2       0       
